#origin destination
202	31
202	789
202	37
202	322
202	98
202	296
202	311
202	311
202	74
202	133
202	670
554	198
861	203
699	699
699	699
699	701
699	544
699	543
699	543
699	543
699	44
699	11
699	11
452	224
452	56
452	502
452	502
452	45
452	45
93	260
93	624
93	60
93	268
93	266
93	22
93	118
93	459
93	55
93	47
80	446
80	427
80	13
80	34
80	0
80	85
80	80
80	80
80	80
80	174
80	371
80	163
80	289
80	55
80	55
80	567
80	567
80	567
80	684
210	171
210	211
210	6
210	168
210	133
210	351
331	332
349	517
349	629
349	6
349	228
349	911
349	693
349	348
30	31
30	13
30	224
30	114
30	54
30	54
30	10
30	44
30	47
263	19
263	21
121	224
121	51
121	51
121	51
121	45
121	45
121	45
121	122
108	106
108	108
108	442
368	23
368	257
368	368
570	569
508	96
335	551
335	184
639	560
25	26
246	249
246	440
246	57
246	57
246	57
246	57
246	57
246	57
246	246
246	246
246	246
174	173
174	173
174	173
174	173
174	173
174	173
174	67
174	67
174	46
174	179
174	122
174	180
174	180
174	180
174	180
174	180
174	181
174	181
174	181
174	181
174	181
174	181
174	181
174	269
174	269
174	269
174	174
174	174
174	174
174	287
174	287
174	494
174	35
174	44
174	126
174	126
174	45
174	387
174	14
136	61
136	137
136	305
230	189
230	8
230	230
230	409
652	16
652	628
652	10
652	10
2	30
2	1
2	469
2	166
2	114
2	114
2	690
2	0
2	16
2	16
2	559
2	316
2	298
524	283
524	386
524	573
524	227
278	11
278	833
278	69
278	278
278	278
240	241
488	513
488	282
112	116
112	1
112	1
112	1
112	1
112	3
112	52
112	114
112	62
112	224
112	224
112	160
112	164
112	164
112	164
112	305
112	109
112	11
112	45
112	45
112	342
112	112
112	112
112	112
112	112
112	112
112	112
112	112
112	112
112	112
112	112
112	112
112	112
112	466
248	51
248	172
248	37
248	18
248	24
414	109
414	109
414	115
789	255
789	255
77	78
77	296
77	22
77	185
507	507
507	507
597	54
597	0
597	0
897	77
808	62
407	8
407	8
181	67
181	496
181	180
181	180
181	266
181	44
181	126
6	34
6	334
6	334
6	527
6	527
6	51
6	51
6	44
6	55
6	47
6	412
6	153
6	119
6	174
6	22
6	212
6	36
6	23
6	324
6	440
6	176
6	176
6	420
6	430
6	157
6	416
6	6
6	6
6	6
6	7
6	213
6	667
6	10
6	10
6	14
268	32
268	119
268	596
268	235
268	235
268	339
268	438
268	62
433	428
115	45
115	6
115	78
115	11
115	11
115	11
115	116
115	116
115	116
115	133
115	845
791	792
791	792
593	45
884	35
762	659
858	119
522	2
522	598
381	470
52	155
52	133
52	53
52	102
52	526
600	598
832	231
832	283
832	278
832	832
832	163
832	57
526	527
255	255
255	202
255	202
255	442
255	247
255	247
255	45
288	254
288	80
641	641
641	641
641	641
641	641
641	92
641	92
641	153
641	690
247	107
247	57
247	257
247	284
247	284
247	227
720	304
720	304
720	742
148	172
148	114
148	13
148	96
906	112
531	176
218	31
218	224
218	533
218	614
218	21
218	718
771	771
514	515
623	432
623	649
297	32
297	86
297	10
297	435
667	721
400	55
205	830
205	721
205	721
205	390
205	209
205	323
438	42
438	439
438	271
252	141
252	252
252	252
252	252
252	252
252	253
252	62
708	709
504	386
477	351
477	351
477	351
477	351
29	30
29	29
474	475
470	471
470	216
557	109
557	569
703	704
17	319
17	224
17	527
17	462
17	462
17	462
17	462
17	462
17	17
17	17
17	17
17	17
17	18
17	289
17	45
728	45
728	726
184	587
184	446
184	180
184	180
184	235
184	226
184	313
184	313
184	14
584	444
584	23
584	199
584	776
584	776
584	584
584	45
584	45
584	45
584	45
159	42
159	180
159	162
206	133
206	323
271	257
271	271
271	32
271	0
271	0
271	138
271	284
271	651
271	349
309	310
309	310
309	309
517	609
517	628
517	446
517	176
501	174
249	16
249	249
249	26
249	201
249	219
49	391
49	187
49	275
49	465
49	47
451	453
451	451
451	451
451	56
451	45
909	51
895	254
214	357
214	329
214	319
214	33
214	257
214	13
214	592
214	26
214	75
214	237
214	242
214	203
214	10
214	284
214	166
214	35
214	35
214	214
214	425
214	425
214	351
425	748
425	86
425	221
425	221
425	221
425	221
425	21
425	214
425	425
425	349
755	30
888	36
587	305
457	38
457	457
525	60
525	760
265	444
265	386
265	766
265	808
265	76
265	265
265	265
265	265
265	93
265	93
265	138
265	119
265	242
265	161
265	109
265	1
265	62
265	624
894	81
180	159
180	189
180	182
180	182
180	33
180	33
180	33
180	33
180	5
180	1
180	1
180	1
180	1
180	1
180	1
180	1
180	1
180	1
180	1
180	1
180	187
180	180
180	180
180	180
180	180
180	180
180	180
180	180
180	180
180	180
180	880
180	67
180	67
180	67
180	67
180	67
180	67
180	67
180	185
180	174
180	881
180	8
180	192
180	500
180	184
180	184
180	184
180	506
180	44
180	44
180	44
180	44
180	44
180	44
180	44
180	44
180	44
180	44
180	44
180	44
180	126
180	126
24	236
24	825
24	0
24	76
24	296
24	47
24	30
24	446
24	446
24	119
24	119
24	336
24	18
24	2
24	172
24	271
24	23
24	235
24	235
24	133
24	176
24	265
24	815
24	24
24	10
24	585
24	317
24	45
341	632
341	207
659	16
659	660
99	387
99	387
99	219
99	586
99	100
99	104
99	44
99	45
99	45
99	45
99	45
805	172
805	449
805	254
805	819
805	76
805	23
805	117
805	185
805	58
805	430
805	448
805	382
805	109
805	116
805	116
805	116
805	488
805	809
805	805
805	805
805	805
805	805
805	805
783	10
783	10
515	511
719	720
719	720
910	162
426	23
426	23
426	427
426	13
426	595
426	114
61	170
61	223
61	61
61	61
61	61
61	61
61	95
61	237
61	237
61	62
61	136
61	325
61	305
61	305
61	305
61	305
61	305
61	305
61	305
61	305
61	305
61	305
61	305
61	305
61	305
76	9
76	46
76	547
76	118
76	265
76	76
76	76
76	76
76	76
76	76
76	76
76	76
76	76
76	76
76	76
76	119
76	24
76	858
76	266
76	266
76	266
76	266
76	33
76	377
76	859
76	545
76	545
76	545
76	545
76	545
76	545
76	545
76	45
76	45
76	45
76	45
76	45
76	45
76	14
874	650
538	538
538	540
538	539
312	631
312	313
312	197
312	346
312	346
241	414
241	6
241	48
241	14
220	9
220	221
777	56
777	56
709	710
196	432
196	896
196	196
196	196
196	196
196	196
196	112
231	232
231	425
231	425
231	221
231	552
231	214
412	413
800	493
800	493
301	211
301	176
670	671
670	356
670	311
670	258
489	490
489	45
387	7
387	7
387	46
387	122
387	387
387	44
387	44
387	44
387	44
387	44
387	44
387	99
387	45
387	45
680	681
270	11
270	11
270	11
270	115
270	115
291	9
291	114
701	10
701	11
701	701
701	701
701	701
701	701
701	28
701	699
878	55
608	45
608	907
503	0
503	0
503	190
503	445
396	397
396	334
60	60
60	24
60	62
60	62
60	440
60	16
60	351
60	351
889	35
360	484
360	634
266	191
266	88
266	46
266	46
266	179
266	1
266	119
266	119
266	168
266	14
738	382
776	776
776	776
776	584
776	584
799	799
89	6
89	10
89	18
89	35
89	35
89	35
89	35
89	89
89	89
89	45
698	699
430	575
430	171
430	477
430	135
430	80
430	329
430	428
430	428
430	428
430	428
430	55
430	180
857	227
547	46
547	547
547	45
410	172
410	186
410	265
410	410
410	493
410	734
410	22
410	45
7	8
7	787
7	787
556	38
199	172
199	677
199	129
199	726
199	726
199	426
199	184
199	298
199	14
461	460
518	721
415	416
415	416
200	15
200	80
898	527
16	172
16	172
16	202
16	699
16	26
16	51
16	299
16	142
16	9
16	102
16	102
16	717
16	231
16	635
16	153
16	312
16	383
16	167
16	250
16	653
16	653
16	386
16	608
16	60
16	60
16	117
16	117
16	117
16	117
16	329
16	329
16	222
16	214
16	133
16	384
16	384
16	575
16	751
16	573
16	707
16	513
16	256
16	16
619	121
619	121
619	359
624	449
624	684
624	32
624	62
624	849
624	184
731	596
731	596
731	596
722	722
122	122
122	122
122	122
122	122
122	122
122	122
122	122
122	387
122	387
122	387
122	269
122	269
122	269
122	54
122	296
122	195
122	44
122	226
122	121
122	121
122	121
122	174
122	174
122	174
122	174
122	530
122	166
122	35
122	35
122	35
122	35
122	35
122	35
122	35
122	35
122	123
122	344
122	902
122	618
122	80
122	33
122	179
122	258
122	258
122	256
122	45
122	45
122	45
122	619
122	619
122	619
273	274
273	273
273	273
273	273
361	352
361	304
361	229
361	22
361	278
568	536
797	791
339	156
339	339
339	334
339	48
339	105
339	45
662	44
94	0
94	0
94	336
94	80
823	96
203	307
203	307
203	203
203	260
203	260
203	14
590	13
44	122
44	122
44	224
44	387
44	387
44	387
44	387
44	387
44	387
44	775
44	775
44	44
44	44
44	44
44	44
44	44
44	44
44	44
44	44
44	44
44	44
44	44
44	44
44	44
44	44
44	44
44	44
44	44
44	44
44	44
44	44
44	44
44	44
44	44
44	44
44	44
44	44
44	44
44	44
44	44
44	44
44	44
44	44
44	44
44	44
44	44
44	44
44	44
44	44
44	44
44	44
44	44
44	44
44	44
44	44
44	44
44	44
44	44
44	44
44	44
44	44
44	44
44	44
44	44
44	44
44	44
44	44
44	44
44	44
44	44
44	44
44	44
44	44
44	44
44	44
44	44
44	44
44	44
44	44
44	44
44	44
44	44
44	44
44	44
44	44
44	44
44	44
44	44
44	44
44	44
44	44
44	44
44	44
44	44
44	44
44	44
44	44
44	44
44	44
44	44
44	44
44	44
44	44
44	44
44	44
44	44
44	44
44	44
44	44
44	44
44	44
44	44
44	44
44	44
44	44
44	44
44	44
44	44
44	44
44	44
44	44
44	44
44	44
44	44
44	44
44	44
44	44
44	44
44	44
44	44
44	44
44	44
44	44
44	30
44	9
44	68
44	174
44	174
44	174
44	174
44	22
44	35
44	112
44	172
44	49
44	187
44	187
44	426
44	426
44	214
44	214
44	175
44	126
44	126
44	126
44	126
44	126
44	126
44	126
44	88
44	88
44	173
44	173
44	67
44	67
44	67
44	179
44	179
44	180
44	180
44	225
44	10
44	442
44	97
44	45
44	45
44	45
44	45
44	45
44	45
44	45
44	45
44	45
44	45
44	45
44	45
44	45
44	45
44	45
44	45
44	45
44	45
44	45
44	45
44	45
44	45
44	45
44	45
44	45
44	45
44	45
44	45
44	45
44	45
44	45
44	45
44	45
44	45
44	45
44	45
44	45
44	45
44	45
44	45
44	45
44	45
44	45
44	45
44	45
44	45
44	14
44	14
44	14
44	14
44	14
44	14
44	14
44	14
44	14
44	14
44	14
364	365
364	699
226	35
226	192
226	122
226	122
549	550
734	732
520	17
432	1
432	1
432	86
432	244
432	296
432	296
432	433
432	871
578	89
873	428
873	874
397	394
724	391
724	391
724	11
661	10
370	371
234	28
234	713
234	61
234	62
234	62
234	305
234	305
234	305
234	855
841	45
207	13
207	113
207	128
207	278
207	11
207	11
207	112
259	93
702	118
499	9
499	13
499	347
499	347
499	91
499	91
499	92
499	684
499	14
120	507
120	119
120	120
120	10
120	491
120	166
120	11
120	45
120	14
660	16
250	318
250	177
250	246
864	865
694	695
293	174
154	155
134	134
134	134
134	134
134	134
134	134
134	134
447	66
447	45
447	349
447	386
398	396
402	14
402	14
402	45
402	402
402	402
402	402
402	402
647	564
649	272
907	493
417	418
417	156
417	141
417	45
417	382
161	250
161	115
161	401
161	265
161	1
113	202
113	343
113	66
113	66
113	66
113	113
113	113
113	113
113	83
113	109
113	109
113	459
113	116
113	845
48	429
48	55
48	180
48	41
48	6
48	10
48	48
48	48
48	53
48	468
48	809
48	47
422	13
422	218
422	352
422	352
422	352
422	229
422	339
422	8
422	282
422	11
422	720
422	45
422	361
422	590
141	31
141	129
141	666
141	170
141	755
141	305
141	201
723	466
45	260
45	96
45	0
45	0
45	0
45	0
45	0
45	80
45	80
45	128
45	55
45	55
45	30
45	9
45	9
45	57
45	717
45	368
45	251
45	378
45	378
45	843
45	829
45	101
45	282
45	167
45	169
45	32
45	233
45	117
45	117
45	6
45	6
45	6
45	244
45	156
45	129
45	129
45	129
45	209
45	168
45	27
45	182
45	182
45	34
45	623
45	284
45	104
45	104
45	851
45	635
45	153
45	153
45	527
45	565
45	703
45	64
45	64
45	184
45	184
45	584
45	584
45	267
45	267
45	451
45	451
45	451
45	451
45	426
45	643
45	643
45	496
45	363
45	116
45	116
45	116
45	116
45	116
45	116
45	116
45	116
45	116
45	265
45	729
45	24
45	19
45	740
45	99
45	99
45	99
45	99
45	14
45	14
45	14
45	14
45	14
45	14
45	14
45	14
45	14
45	14
45	14
45	14
45	155
45	421
45	780
45	780
45	76
45	76
45	76
45	76
45	76
45	76
45	76
45	76
45	76
45	76
45	76
45	229
45	295
45	299
45	81
45	546
45	546
45	196
45	377
45	377
45	377
45	377
45	377
45	377
45	377
45	781
45	781
45	22
45	22
45	22
45	807
45	680
45	571
45	389
45	686
45	420
45	329
45	329
45	329
45	89
45	272
45	272
45	272
45	272
45	272
45	272
45	204
45	547
45	225
45	225
45	539
45	16
45	105
45	105
45	150
45	805
45	122
45	122
45	122
45	122
45	122
45	122
45	122
45	63
45	63
45	387
45	621
45	339
45	51
45	18
45	475
45	44
45	44
45	44
45	44
45	44
45	44
45	44
45	44
45	44
45	44
45	44
45	44
45	44
45	44
45	44
45	44
45	44
45	44
45	44
45	44
45	44
45	44
45	44
45	44
45	44
45	44
45	44
45	44
45	44
45	44
45	44
45	44
45	44
45	44
45	44
45	44
45	44
45	44
45	44
45	44
45	44
45	44
45	44
45	44
45	44
45	44
45	44
45	44
45	44
45	44
45	44
45	545
45	545
45	545
45	545
45	545
45	545
45	158
45	47
45	47
45	47
45	47
45	47
45	66
45	801
45	801
45	841
45	109
45	109
45	111
45	120
45	31
45	31
45	31
45	403
45	281
45	392
45	392
45	82
45	8
45	15
45	447
45	113
45	445
45	10
45	283
45	11
45	11
45	45
45	45
45	45
45	45
45	45
45	45
45	45
45	45
45	45
45	45
45	45
45	45
45	45
45	45
45	45
45	45
45	45
45	45
45	45
45	45
45	45
45	45
45	45
45	45
45	45
45	45
45	45
45	45
45	45
45	45
45	45
45	45
45	45
45	45
45	45
45	45
45	45
45	45
45	45
45	45
45	45
45	45
45	45
45	45
45	45
45	45
45	45
45	45
45	45
45	45
45	45
45	45
45	45
45	45
45	45
45	45
45	45
45	45
45	45
45	45
45	45
45	45
45	45
45	45
45	45
45	45
45	45
45	45
45	45
45	45
45	45
45	45
45	45
45	45
45	45
45	45
45	45
45	45
45	45
45	45
45	45
45	45
45	45
45	45
45	45
45	45
45	45
45	45
45	45
45	45
45	45
45	45
45	45
45	45
45	45
45	45
45	45
45	45
45	45
45	45
45	45
45	45
45	45
45	45
45	45
45	45
45	45
45	45
45	45
45	45
45	45
45	45
45	45
45	45
45	45
45	45
45	45
45	45
45	45
45	45
45	45
45	45
45	45
45	45
45	45
45	45
45	45
45	45
45	45
45	45
45	45
45	45
45	45
45	45
45	45
45	45
45	45
45	45
45	45
45	45
45	45
45	45
45	45
45	45
45	45
45	45
45	45
45	45
45	45
45	45
45	45
45	45
45	45
45	45
45	45
45	45
45	45
45	45
45	45
45	45
45	45
45	45
45	45
45	45
45	45
45	45
45	45
45	45
45	45
45	45
45	45
45	45
45	45
45	45
45	45
45	45
45	45
45	45
45	45
45	45
45	45
45	45
45	45
45	45
45	45
45	45
45	45
45	45
45	45
45	45
45	45
45	45
45	45
45	45
45	45
45	45
45	45
45	45
45	45
45	45
45	45
45	45
45	45
45	45
45	45
45	45
45	45
45	45
45	45
45	45
45	45
45	45
45	45
45	45
45	45
45	45
45	45
45	45
45	45
45	45
45	45
45	45
45	45
45	45
563	563
563	256
563	256
696	298
353	171
353	352
353	372
353	355
353	354
280	486
388	388
96	373
96	284
96	464
96	87
96	96
96	96
96	96
96	119
96	94
96	823
96	374
96	508
96	195
96	97
96	11
529	113
784	389
784	389
147	147
147	147
147	147
147	147
796	797
796	797
408	408
408	50
408	114
877	0
877	877
877	878
523	16
523	0
678	105
467	24
798	798
379	628
379	106
379	45
558	551
819	148
68	611
68	280
68	466
860	23
378	266
378	45
378	45
820	86
843	844
404	325
404	281
101	102
101	102
101	28
101	50
101	117
101	280
101	101
101	101
101	201
303	32
718	214
871	872
871	428
156	617
156	853
156	475
156	438
156	206
156	153
156	153
156	50
156	560
156	22
156	21
156	166
156	2
156	2
156	30
156	281
156	1
156	6
156	486
156	425
156	156
156	156
156	156
156	561
156	24
156	228
156	311
156	422
156	317
156	45
620	122
657	658
3	3
3	3
3	3
3	3
3	3
3	3
3	3
3	3
3	3
3	3
3	3
3	3
3	3
3	165
3	165
710	329
95	782
95	237
95	176
95	176
95	96
862	863
448	156
448	54
448	860
448	699
642	1
642	1
133	142
133	291
133	116
133	13
133	265
133	153
133	525
133	268
133	80
133	168
133	6
133	10
133	207
133	207
133	207
133	35
133	109
133	11
133	11
133	115
133	55
133	528
133	112
133	112
114	172
114	1
114	1
114	1
114	1
114	0
114	0
114	313
114	511
114	465
114	80
114	201
114	90
114	90
114	105
114	115
114	596
114	112
114	185
579	498
579	389
244	897
244	371
244	245
244	245
346	202
346	735
346	735
732	33
732	176
732	733
532	351
532	430
553	8
553	79
209	45
209	117
209	590
75	214
75	214
75	45
75	422
618	685
618	122
618	122
618	122
786	786
145	133
145	146
145	146
598	601
598	117
598	598
598	598
74	50
74	426
74	72
74	11
74	116
74	45
852	347
595	0
382	58
382	719
382	827
382	385
382	318
382	382
382	89
382	718
382	45
382	14
382	14
580	581
182	189
182	189
182	644
182	498
182	498
182	183
182	183
182	45
182	637
901	122
413	6
413	187
34	33
34	34
34	34
34	34
34	34
34	34
34	34
34	86
34	35
34	45
34	14
511	45
774	498
774	498
292	174
292	187
881	180
844	37
794	795
794	795
65	66
217	218
217	246
217	117
217	117
217	117
217	768
283	172
283	283
283	832
283	668
283	284
679	171
146	23
146	146
146	249
146	168
146	295
146	166
146	428
146	459
146	167
146	2
383	16
393	64
393	64
543	11
543	11
543	11
543	701
502	452
502	71
700	120
91	392
91	392
91	392
91	392
91	392
91	715
91	499
91	90
91	90
91	90
91	91
91	91
91	91
91	91
91	91
91	91
91	91
91	91
91	91
91	91
91	91
91	91
91	91
91	91
91	91
91	91
91	91
91	91
91	91
91	91
91	92
91	92
91	92
91	14
197	198
197	449
197	446
197	76
197	24
197	40
344	270
344	241
344	48
344	64
344	344
344	14
267	173
267	96
267	536
267	119
267	44
267	594
267	14
267	14
495	174
495	267
495	126
170	172
170	27
170	421
170	119
170	146
170	80
170	441
170	327
170	14
536	35
536	35
536	536
536	536
536	536
536	536
536	536
536	536
536	536
536	536
536	536
536	536
536	536
536	536
536	536
536	536
536	536
536	536
536	536
536	536
536	536
536	536
536	536
536	536
536	536
536	536
536	536
536	536
536	536
536	536
536	536
536	536
536	536
536	536
536	536
536	536
536	536
536	536
536	536
536	536
536	536
536	536
536	536
536	536
536	536
536	536
536	536
536	536
536	536
536	536
536	536
536	536
536	536
536	536
536	536
536	536
536	536
536	536
536	536
536	536
536	536
536	536
536	536
536	536
536	536
536	536
536	536
536	536
536	536
536	536
536	536
536	536
536	536
536	536
536	536
536	536
536	536
536	536
536	536
536	536
536	536
536	536
536	536
536	536
536	536
536	536
536	536
536	536
536	536
536	536
536	536
536	536
536	536
536	536
536	536
536	536
536	536
536	536
536	536
536	536
536	536
536	536
536	245
536	117
536	14
536	14
650	871
650	47
770	770
770	1
106	903
106	257
106	404
106	352
106	124
106	258
106	57
423	423
423	73
423	124
612	32
612	611
612	375
704	156
704	442
704	146
315	352
315	45
826	826
496	174
496	173
88	27
88	369
88	288
88	14
338	74
630	631
630	561
630	561
416	416
416	416
416	416
416	416
416	416
416	416
416	416
416	713
416	361
416	10
416	168
416	693
416	693
781	45
607	16
607	16
607	113
164	27
164	1
164	164
164	48
164	210
164	116
164	584
164	112
164	112
714	715
602	0
602	166
602	604
162	540
162	365
162	516
162	516
162	1
711	223
711	223
711	611
275	275
275	276
355	92
355	356
359	357
359	353
359	630
359	474
359	45
359	123
359	351
191	180
191	46
191	46
191	296
155	156
155	155
155	522
155	23
155	891
155	390
155	45
766	265
766	265
322	322
322	428
322	229
322	323
613	459
510	146
296	726
296	726
296	575
296	570
296	47
296	122
296	122
296	199
296	297
296	329
296	295
296	2
296	284
296	284
296	422
296	307
296	14
296	117
296	117
296	117
296	516
295	67
295	315
735	156
735	97
735	873
735	176
735	632
735	632
463	463
463	17
463	298
299	243
299	300
299	810
299	393
299	187
299	44
299	81
81	243
81	243
81	57
81	894
81	117
81	518
81	82
81	327
81	299
81	299
81	81
81	81
81	81
81	81
81	45
567	498
567	498
567	564
188	187
188	293
760	761
319	13
319	199
319	24
319	17
319	382
319	214
319	117
362	362
471	497
471	45
471	122
471	109
86	449
86	271
86	0
86	23
86	80
86	509
86	329
86	325
86	624
86	821
86	428
86	683
86	349
509	624
238	78
238	32
238	239
18	421
18	43
18	334
18	480
18	161
18	505
18	10
18	2
18	163
166	156
166	156
166	122
166	122
166	782
166	468
166	117
166	117
166	174
166	19
166	146
166	278
166	425
166	120
166	120
126	173
126	173
126	182
126	178
126	180
126	180
126	180
126	180
126	67
126	67
126	67
126	67
126	67
126	67
126	67
126	67
126	174
126	174
126	174
126	174
126	174
126	174
126	174
126	174
126	174
126	174
126	174
126	174
126	174
126	174
126	6
126	187
126	187
126	187
126	187
126	187
126	187
126	15
126	15
126	494
126	44
126	44
126	44
126	44
126	14
126	55
126	188
126	126
126	126
126	126
126	126
126	126
807	377
150	296
150	22
628	156
628	597
628	667
628	10
628	16
628	55
628	349
628	351
603	602
690	156
690	140
690	138
690	228
690	2
690	2
690	690
690	690
690	81
690	625
690	45
690	442
615	615
715	392
715	713
646	646
646	26
242	719
242	107
242	721
264	41
440	441
440	109
440	16
440	106
83	84
83	83
83	83
83	83
83	83
83	83
83	83
83	83
289	626
428	27
428	444
428	432
428	875
428	158
428	436
428	86
428	297
428	22
428	284
428	32
428	428
428	431
428	873
428	434
428	430
428	430
428	430
57	31
57	140
57	161
57	58
57	49
57	107
57	832
57	138
57	247
57	106
57	57
57	57
57	57
57	57
57	246
57	246
57	248
336	0
336	0
336	0
336	94
336	94
868	351
466	13
157	9
157	548
157	885
157	158
157	45
427	24
118	116
118	119
28	101
28	23
28	23
28	23
28	23
28	45
28	305
28	305
28	699
695	472
213	300
213	176
406	405
573	16
573	235
573	117
577	839
577	311
539	224
539	910
539	334
539	160
539	162
539	540
896	87
685	226
152	153
233	234
233	234
233	317
233	233
233	305
233	305
233	305
365	172
365	296
365	365
365	382
365	366
284	156
284	297
284	204
284	204
284	33
284	339
284	117
284	117
284	223
284	329
284	329
284	146
284	284
284	284
284	205
284	255
284	255
284	248
284	683
284	351
284	351
651	99
651	693
651	47
276	622
276	537
276	2
276	277
875	146
475	476
475	45
475	636
475	377
459	836
459	161
459	329
459	459
459	45
459	45
459	248
434	428
47	650
47	281
47	651
47	23
47	50
47	138
47	49
47	48
47	47
47	47
47	47
47	47
47	47
47	47
47	47
47	47
47	47
47	45
47	45
47	45
47	344
838	161
730	122
66	447
66	63
66	66
66	117
66	48
66	64
66	45
66	45
66	112
356	357
356	353
356	477
356	311
356	374
356	55
103	352
103	104
103	185
103	127
103	295
103	422
103	45
103	176
138	172
138	416
138	4
138	602
138	22
138	690
138	116
138	478
138	139
450	450
450	450
10	27
10	347
10	347
10	268
10	268
10	80
10	398
10	2
10	69
10	772
10	772
10	55
10	216
10	16
10	16
10	16
10	217
10	251
10	251
10	119
10	146
10	489
10	18
10	169
10	386
10	170
10	215
10	117
10	117
10	117
10	117
10	6
10	6
10	6
10	6
10	659
10	662
10	307
10	214
10	225
10	298
10	298
10	385
10	228
10	78
10	248
10	468
10	45
10	45
759	472
418	55
418	417
109	414
109	208
109	846
109	13
109	28
109	385
109	104
109	45
109	62
109	113
109	113
109	6
109	832
109	282
109	110
109	109
109	109
109	109
109	109
109	109
109	109
109	109
109	109
109	11
109	11
109	116
109	116
109	116
109	116
109	116
109	133
109	112
773	117
773	117
111	304
111	112
706	16
262	263
262	124
516	77
516	539
516	539
516	538
516	160
516	877
516	162
516	45
516	14
31	22
31	32
31	246
31	442
31	305
31	45
31	351
473	33
473	50
281	58
281	281
281	45
281	50
350	352
350	103
350	351
215	882
215	216
512	488
439	472
439	472
439	436
439	437
15	292
15	90
15	15
15	15
15	15
15	15
15	15
15	15
15	15
15	15
15	15
15	15
15	15
15	15
15	15
15	15
15	15
15	15
15	15
15	15
15	15
15	15
15	15
15	15
15	15
15	15
15	728
15	126
15	126
15	126
201	165
201	0
201	0
201	95
201	101
201	101
201	107
201	307
859	55
746	246
824	261
633	360
633	770
306	105
306	45
257	247
257	43
257	43
257	43
257	352
257	237
257	117
257	62
257	256
257	64
257	45
257	45
257	45
5	6
5	6
5	365
5	13
324	344
437	428
437	268
445	0
445	446
107	401
107	111
107	108
107	50
221	251
221	214
221	382
221	231
311	156
311	156
311	671
311	202
311	202
311	24
311	747
311	311
311	311
311	311
311	311
311	311
311	311
311	210
311	577
311	577
311	670
311	670
842	238
635	475
635	51
635	45
574	172
574	217
574	217
494	173
494	45
317	61
317	318
317	233
317	317
809	822
809	116
140	141
140	16
140	459
140	690
140	62
443	16
178	35
178	173
178	173
178	180
178	294
908	608
684	449
684	428
684	428
684	74
224	306
224	28
224	122
224	224
224	23
224	23
224	23
224	23
224	23
224	23
224	23
224	104
224	677
224	114
224	17
224	235
224	44
224	105
224	105
224	112
0	96
0	0
0	0
0	0
0	0
0	0
0	0
0	0
0	0
0	0
0	0
0	0
0	0
0	0
0	0
0	0
0	0
0	0
0	0
0	0
0	0
0	0
0	0
0	0
0	94
0	94
0	160
0	55
0	55
0	55
0	357
0	19
0	597
0	85
0	384
0	86
0	2
0	856
0	112
0	159
0	603
0	271
0	1
0	804
0	804
0	804
0	517
0	95
0	15
0	163
0	163
0	80
0	80
0	336
0	521
0	884
0	503
0	503
0	114
0	114
0	114
0	114
0	114
0	24
0	24
0	24
0	24
0	516
0	516
0	723
0	45
0	45
0	14
347	652
347	652
347	80
347	78
347	78
347	852
347	305
347	35
347	97
347	97
347	97
334	32
334	410
334	399
334	316
334	334
334	334
472	54
472	194
472	194
307	5
307	861
307	862
307	296
307	442
307	11
307	176
307	176
565	172
565	564
565	564
565	565
565	80
565	80
565	566
565	566
565	566
565	815
565	567
565	647
195	347
195	45
195	122
55	610
55	610
55	0
55	200
55	93
55	80
55	80
55	54
55	54
55	298
55	382
55	877
55	523
55	596
55	55
55	55
55	55
55	9
55	869
55	669
55	238
55	238
55	230
55	64
55	754
55	53
55	167
55	628
55	197
55	23
55	23
55	447
55	394
55	381
55	56
55	10
55	10
55	498
55	380
55	45
55	45
260	283
260	10
260	132
260	227
171	379
171	350
171	60
171	796
171	796
171	143
171	16
171	732
186	44
186	410
186	750
717	384
87	4
87	44
87	38
251	156
251	832
251	217
251	217
251	857
251	203
251	870
251	805
371	30
371	30
371	629
371	176
352	353
352	477
352	224
352	352
352	735
352	251
352	614
352	688
352	22
352	22
352	104
352	14
352	158
352	351
352	351
98	0
98	45
98	430
59	35
59	60
328	328
328	328
328	329
328	758
325	27
325	129
325	32
325	32
325	32
325	62
325	305
325	428
325	133
282	111
849	850
497	243
497	126
497	163
35	67
35	33
35	33
35	33
35	122
35	122
35	122
35	122
35	122
35	122
35	122
35	122
35	223
35	532
35	830
35	536
35	536
35	166
35	618
35	618
35	618
35	6
35	294
35	38
35	655
35	360
35	35
35	35
35	35
35	44
35	44
35	11
35	11
35	11
35	11
35	11
35	11
35	11
35	11
35	11
35	89
35	579
35	180
35	180
424	33
424	122
167	307
167	328
167	37
768	769
768	769
828	157
828	10
828	828
828	828
828	670
386	172
386	358
386	23
386	10
386	576
386	162
386	210
386	55
386	55
386	248
1	159
1	156
1	1
1	1
1	1
1	1
1	1
1	1
1	1
1	1
1	1
1	1
1	1
1	1
1	1
1	432
1	432
1	0
1	0
1	0
1	0
1	0
1	180
1	180
1	180
1	180
1	180
1	180
1	180
1	180
1	180
1	265
1	85
1	85
1	85
1	85
1	161
1	114
1	114
1	266
1	642
1	642
1	163
1	164
1	806
1	112
1	112
1	112
1	112
32	182
32	182
32	33
32	257
32	271
32	122
32	644
32	644
32	224
32	347
32	356
32	296
32	296
32	32
32	86
32	86
32	86
32	816
32	325
32	240
32	428
32	11
32	349
42	172
42	261
42	33
42	1
42	308
42	525
42	831
42	37
42	35
42	11
42	11
340	247
658	10
124	125
124	19
222	11
222	11
222	296
222	296
222	45
476	477
486	45
486	487
492	493
314	209
863	80
369	370
369	370
552	551
552	636
782	51
782	783
782	783
782	55
228	165
228	64
228	13
228	117
228	117
228	117
228	117
228	690
228	659
228	657
228	260
872	735
540	539
540	498
757	391
757	391
757	11
27	33
27	171
27	13
27	28
27	42
27	339
27	10
27	133
27	298
27	430
27	430
429	16
653	329
653	216
26	27
26	847
26	26
26	26
26	26
26	26
26	51
26	10
26	704
26	488
562	249
562	459
655	656
655	656
787	122
787	122
39	40
39	576
39	301
79	553
79	565
290	109
290	257
290	848
721	172
721	228
721	365
721	45
348	271
348	349
102	459
102	459
102	37
102	621
102	143
605	606
527	739
527	296
527	17
527	212
527	745
527	133
527	45
527	216
644	393
644	393
644	45
530	8
530	401
530	122
576	113
576	78
576	13
64	65
64	122
64	566
64	32
64	32
64	420
64	325
64	48
64	48
64	447
64	422
64	228
64	228
64	45
64	64
676	676
676	676
676	676
676	676
676	199
676	14
627	78
627	298
627	298
899	899
357	358
357	0
357	189
357	189
357	189
357	189
357	498
357	354
357	868
36	27
36	37
36	271
36	34
36	308
36	308
36	41
36	834
36	35
36	11
36	11
36	11
313	313
313	45
313	13
313	386
313	392
905	906
813	10
189	357
189	357
189	32
189	180
189	613
189	498
189	183
189	426
189	45
591	37
591	231
187	67
187	67
187	67
187	67
187	67
187	190
187	187
187	187
187	295
187	35
187	14
187	180
187	180
187	180
187	180
187	188
187	126
187	126
187	126
187	126
163	243
163	1
163	0
163	0
163	778
163	778
163	80
163	324
163	352
163	422
163	44
163	45
163	595
643	545
643	230
643	377
666	665
342	113
342	737
845	21
845	805
208	208
208	208
208	208
208	45
363	788
399	400
596	731
596	731
596	731
596	114
596	6
596	311
596	596
596	596
596	596
596	596
596	596
596	596
596	596
596	456
258	122
258	122
258	259
294	67
294	33
194	9
194	9
194	194
194	96
380	381
743	744
743	51
743	51
743	11
542	55
542	45
806	1
298	332
298	503
298	347
298	199
298	333
298	329
298	692
298	692
298	692
298	574
298	176
298	254
343	263
343	344
300	96
300	301
62	202
62	417
62	61
62	184
62	45
62	50
62	573
62	551
62	51
62	229
62	18
62	305
62	305
62	305
62	305
62	369
62	369
62	252
62	246
62	60
636	182
636	45
229	319
229	28
229	28
229	218
229	352
229	105
229	233
229	738
632	171
632	171
632	98
330	331
69	70
69	576
69	364
866	110
586	586
586	586
546	76
546	45
733	351
788	363
788	363
332	298
332	334
50	271
50	705
50	21
50	417
50	61
50	455
50	407
50	45
50	71
50	10
50	207
50	207
50	641
50	351
560	54
560	559
560	117
560	561
560	254
223	290
223	214
223	611
223	611
223	33
223	828
71	200
71	45
71	278
390	607
390	10
390	228
12	13
22	172
22	148
22	33
22	122
22	315
22	315
22	156
22	38
22	41
22	103
22	138
22	151
22	229
22	22
22	22
22	22
22	22
22	22
22	93
22	141
22	428
22	837
22	185
22	799
22	45
22	45
22	45
53	54
53	16
53	10
53	117
53	117
53	53
435	430
56	452
56	80
56	45
56	163
56	163
687	148
687	352
571	571
571	571
571	679
880	27
705	78
366	367
575	449
575	329
575	153
575	325
575	265
764	764
765	72
765	72
211	40
211	386
337	338
585	313
585	14
585	14
775	44
775	44
890	234
890	196
175	44
175	67
175	126
272	45
272	45
272	45
272	45
405	406
405	405
405	405
850	850
173	174
173	175
173	122
173	126
173	126
173	126
173	126
173	126
173	126
173	126
173	126
173	126
173	126
173	126
173	126
204	172
204	172
204	173
204	204
750	89
144	144
144	145
225	14
225	14
225	14
225	14
462	463
462	17
462	17
462	17
462	898
462	520
256	46
256	46
256	257
256	122
256	608
256	32
256	436
256	251
78	611
78	179
78	652
78	347
78	18
78	79
78	375
327	170
116	206
116	116
116	116
116	116
116	116
116	116
116	116
116	116
116	116
116	116
116	116
116	116
116	116
116	116
116	116
116	116
116	116
116	116
116	116
116	116
116	257
116	118
116	785
116	251
116	164
116	164
116	113
116	49
116	607
116	321
116	809
116	207
116	74
116	109
116	109
116	109
116	115
116	115
116	45
116	45
116	45
116	45
116	45
116	45
116	45
116	112
116	805
116	805
830	195
441	441
441	117
677	30
677	677
409	32
691	585
63	66
63	45
63	64
621	165
621	153
621	186
621	45
51	708
51	5
51	631
51	652
51	8
51	52
51	470
51	54
51	78
51	296
51	296
51	0
51	16
51	255
51	121
51	121
51	176
51	216
436	437
436	440
436	439
245	568
245	245
245	244
245	179
245	45
483	483
483	483
892	488
674	673
545	76
545	45
545	45
545	45
545	45
545	45
545	45
545	45
545	45
545	45
545	45
545	45
545	45
545	45
545	45
545	545
545	545
545	545
545	377
149	6
528	11
216	215
216	654
216	176
216	389
198	8
198	904
198	199
198	199
611	172
611	172
611	612
611	612
611	611
611	611
611	611
611	611
611	611
611	611
611	611
611	611
611	611
611	611
611	611
611	611
611	611
611	611
611	611
611	611
611	611
611	611
611	711
611	711
611	711
611	711
611	223
279	345
279	341
279	265
572	688
572	498
551	165
551	615
551	335
551	552
551	586
551	586
551	385
551	551
551	551
551	551
551	551
551	551
551	551
551	551
551	551
551	551
551	551
551	551
551	551
551	551
551	551
865	866
169	2
169	170
21	50
21	117
21	117
21	117
21	117
21	22
21	21
21	21
21	21
21	21
21	205
21	16
21	99
21	45
21	499
72	765
72	241
72	73
683	624
683	624
442	31
442	443
442	172
442	155
442	641
442	329
442	329
442	16
442	16
442	16
442	425
609	187
609	342
668	0
668	80
392	802
392	802
392	189
392	583
392	91
392	14
392	499
392	499
392	499
392	499
392	499
392	499
392	499
239	303
82	82
82	81
8	743
8	743
8	180
8	554
8	223
8	8
8	8
8	8
8	8
8	8
8	8
8	8
8	8
8	8
8	8
8	8
8	8
8	8
8	230
8	408
8	150
742	304
127	128
848	61
848	848
367	304
654	10
92	91
92	91
92	91
92	91
92	91
92	355
92	641
92	641
92	117
92	117
92	392
625	442
139	674
139	673
139	139
485	599
37	36
37	36
37	36
37	33
37	153
37	222
37	143
37	35
37	109
37	11
37	11
37	246
37	888
179	191
179	88
179	88
179	189
179	187
179	107
179	128
179	55
179	456
179	14
179	14
179	14
179	14
179	14
179	14
179	14
179	14
479	468
465	35
465	115
544	11
544	364
589	117
902	424
513	513
513	488
513	45
411	411
697	628
697	55
431	45
323	45
323	117
323	163
716	702
304	229
304	229
304	321
304	64
304	305
304	422
13	13
13	13
13	13
13	13
13	13
13	13
13	13
13	13
13	13
13	13
13	13
13	13
13	13
13	296
13	382
13	284
13	284
13	205
13	351
13	9
13	50
13	138
13	86
13	270
13	291
13	170
13	591
13	214
13	214
13	5
13	5
13	264
13	75
13	75
13	385
13	385
13	385
13	145
13	11
13	45
13	14
825	446
469	265
237	156
237	61
237	16
237	233
237	233
237	305
583	584
128	129
128	224
128	264
128	302
128	166
128	166
128	133
537	117
537	276
867	357
664	265
351	353
351	353
351	33
351	33
351	33
351	531
351	477
351	687
351	218
351	410
351	356
351	103
351	572
351	805
351	284
351	867
351	736
351	359
351	359
351	359
351	359
351	359
351	359
351	351
40	36
40	36
40	36
40	133
40	212
9	9
9	9
9	377
9	76
9	45
9	291
9	565
9	80
9	80
9	80
9	80
9	10
9	24
9	79
9	133
9	81
9	298
9	499
610	391
610	391
610	11
421	172
421	329
421	117
887	35
749	386
19	19
19	19
19	19
19	19
19	0
19	6
19	20
19	20
19	459
19	55
19	262
19	262
569	557
569	561
190	190
190	180
190	14
85	86
85	1
85	1
85	1
85	1
85	1
85	1
855	45
354	351
354	351
58	45
58	55
58	50
58	271
631	6
631	6
631	341
631	631
829	73
535	16
780	780
780	45
780	45
90	91
90	91
90	91
90	92
90	2
90	15
90	193
769	574
769	574
671	202
671	672
261	261
261	9
261	201
802	452
802	452
802	13
767	439
767	439
804	16
804	6
804	805
778	779
778	779
212	213
41	566
41	566
41	11
41	33
41	620
790	790
117	155
117	756
117	50
117	763
117	690
117	690
117	220
117	523
117	485
117	485
117	217
117	153
117	153
117	103
117	390
117	18
117	524
117	166
117	166
117	172
117	261
117	21
117	21
117	21
117	21
117	21
117	170
117	117
117	117
117	117
117	117
117	117
117	117
117	519
117	835
117	235
117	222
117	307
117	133
117	156
117	156
117	156
117	257
117	257
117	257
117	561
117	561
117	24
117	142
117	10
117	10
117	10
117	228
117	228
117	228
117	442
117	442
117	16
117	16
117	255
117	401
117	45
117	45
117	45
484	80
816	817
235	236
235	93
235	24
235	119
235	6
235	325
235	594
235	69
305	318
305	31
305	28
305	136
305	224
305	61
305	61
305	61
305	61
305	61
305	61
305	61
305	61
305	61
305	61
305	61
305	61
305	61
305	23
305	237
305	50
305	234
305	234
305	234
305	234
305	234
305	234
305	234
305	229
305	10
305	417
305	305
305	305
305	305
305	305
305	305
305	305
305	305
305	305
305	305
305	305
305	305
305	305
305	305
305	305
305	305
305	305
305	305
305	305
305	305
305	305
305	305
305	305
305	305
305	305
305	305
305	305
305	305
305	305
305	305
305	305
305	305
305	305
305	305
305	305
305	305
305	305
305	305
305	305
305	305
305	305
305	305
305	305
305	305
305	305
305	305
305	305
305	305
305	305
305	305
305	305
305	305
305	305
305	305
305	305
305	305
305	305
305	305
305	305
305	305
305	305
305	305
305	305
305	305
305	305
305	305
305	305
305	305
305	305
305	305
305	305
305	305
305	305
305	305
305	305
305	305
305	305
305	305
305	305
305	305
305	305
305	305
305	305
305	305
305	305
305	305
305	305
305	305
305	305
305	305
305	305
305	305
305	305
305	305
305	305
305	305
305	305
305	305
305	305
305	305
305	305
305	305
305	305
305	305
305	305
305	305
305	305
305	305
305	305
305	305
305	305
305	305
305	305
305	305
305	305
305	305
305	305
305	305
305	305
305	305
305	305
305	305
305	305
305	305
305	305
305	305
305	305
305	305
305	305
305	305
305	305
305	305
305	305
305	305
305	305
305	305
305	305
305	305
305	305
305	305
305	305
305	305
305	305
305	305
305	305
305	305
305	305
305	305
305	305
305	305
305	305
305	305
305	305
305	305
305	305
305	305
305	305
305	305
305	305
305	305
305	305
305	305
305	305
305	305
305	305
305	0
305	890
305	62
305	62
305	713
384	16
384	16
384	16
384	384
384	384
384	45
129	129
129	129
129	267
129	66
129	48
129	594
129	252
129	468
129	45
129	45
129	45
129	670
345	133
599	665
599	600
43	35
43	60
43	60
43	296
43	43
43	62
665	16
555	9
561	296
561	311
561	561
561	312
561	312
561	800
73	908
73	117
73	74
645	645
785	785
785	202
168	155
168	444
168	24
168	168
168	168
168	169
168	109
168	117
168	45
692	299
692	697
692	752
401	141
401	425
401	530
401	45
401	143
725	22
900	247
460	461
482	483
893	241
491	492
629	176
629	39
840	78
269	35
269	901
269	619
269	122
269	122
269	122
286	174
815	0
815	565
321	109
648	463
104	452
104	352
104	109
104	318
104	104
104	104
104	104
104	104
104	105
104	105
104	105
104	105
104	105
104	105
104	105
104	105
104	105
104	316
104	45
104	45
104	45
847	35
594	319
594	599
594	129
594	129
594	80
594	728
594	594
637	638
446	198
446	271
446	0
446	23
446	103
446	166
446	105
446	14
446	14
446	14
446	14
772	773
772	773
564	189
564	818
564	498
564	45
564	565
130	251
130	131
669	55
669	120
153	170
153	265
153	265
153	625
153	625
153	153
153	510
153	268
153	560
153	154
153	442
153	442
153	442
153	152
153	425
153	704
883	883
333	334
688	864
688	352
817	45
500	67
500	288
541	81
375	687
375	611
375	376
375	392
375	392
673	139
673	139
673	139
123	41
123	122
4	101
4	101
4	5
4	153
726	296
726	129
726	199
726	199
726	727
143	4
143	172
143	144
143	168
143	585
38	43
38	481
38	58
38	18
38	39
38	90
38	38
38	11
38	11
38	11
38	11
38	11
38	11
38	11
38	11
38	11
38	11
38	11
38	11
38	11
38	456
779	777
394	395
394	395
793	794
793	794
464	213
219	10
219	220
707	51
626	33
656	655
656	10
97	414
97	171
97	171
97	517
97	347
97	347
97	98
97	210
316	156
316	365
316	224
316	23
316	105
316	542
316	892
675	676
675	675
533	357
14	191
14	677
14	178
14	178
14	178
14	178
14	534
14	76
14	76
14	93
14	114
14	382
14	44
14	44
14	44
14	44
14	44
14	44
14	44
14	44
14	44
14	44
14	44
14	55
14	349
14	802
14	46
14	46
14	669
14	503
14	335
14	402
14	584
14	584
14	584
14	120
14	344
14	267
14	267
14	267
14	495
14	495
14	495
14	495
14	392
14	536
14	501
14	623
14	16
14	811
14	92
14	419
14	176
14	126
14	204
14	179
14	180
14	24
14	197
14	10
14	516
14	588
14	255
14	45
14	45
14	45
14	45
14	45
14	45
14	45
14	45
14	45
14	45
14	45
14	45
14	45
14	14
14	14
14	14
14	14
14	14
14	14
14	14
14	14
14	14
14	14
243	243
243	471
243	81
243	81
243	81
243	163
131	132
682	682
682	682
682	682
818	189
236	233
236	305
506	135
506	180
795	630
795	630
617	205
326	23
326	93
326	560
151	22
811	811
811	812
183	180
183	180
183	187
879	497
638	498
886	135
254	182
254	267
254	320
254	166
254	255
254	425
254	254
737	14
377	32
377	32
377	635
377	76
377	45
377	45
377	45
377	45
377	45
377	45
377	45
377	545
377	545
310	508
310	566
449	191
449	425
449	64
449	805
395	396
395	10
493	559
493	92
493	92
493	73
493	179
810	14
285	11
20	19
20	19
456	457
456	122
456	596
689	690
132	132
132	260
132	260
389	580
389	784
389	465
389	205
640	640
640	641
135	136
135	135
135	135
135	135
135	135
135	135
135	135
135	135
135	135
135	135
135	135
135	135
135	135
135	135
135	135
135	135
135	135
135	135
135	135
135	522
135	44
458	326
903	198
903	903
739	585
739	17
391	391
391	391
391	11
391	11
391	11
391	11
391	11
391	11
391	11
391	11
391	11
391	757
391	757
391	669
232	51
232	232
232	232
232	34
287	497
287	288
287	122
287	179
821	32
712	45
176	575
176	177
176	608
176	597
176	532
176	706
176	97
176	97
176	201
176	735
176	6
176	6
176	329
176	329
176	325
176	524
176	44
176	214
176	55
176	298
176	761
193	194
193	392
454	751
454	21
67	173
67	67
67	67
67	46
67	180
67	180
67	180
67	174
67	174
67	174
67	174
67	187
67	187
67	187
67	187
67	187
67	187
67	292
67	44
67	44
67	175
67	126
67	126
67	126
67	126
67	126
67	126
67	126
67	126
67	126
67	126
67	126
67	126
67	126
67	126
753	55
713	714
713	305
550	74
308	566
308	11
308	11
308	11
308	11
308	33
142	0
142	458
142	146
142	325
142	143
142	133
385	385
385	385
385	13
385	117
385	113
385	214
385	551
498	357
498	409
498	767
498	767
498	410
498	814
498	565
498	80
498	539
498	498
498	183
498	643
498	214
498	214
498	55
498	45
498	45
374	33
374	375
105	322
105	352
105	23
105	50
105	114
105	318
105	104
105	104
105	104
105	104
105	104
105	104
105	104
105	104
105	104
105	105
105	105
105	105
105	105
105	105
105	105
105	105
105	105
105	105
105	105
105	105
105	105
105	99
105	53
105	678
105	45
105	45
105	45
105	45
373	13
373	96
192	180
192	180
534	10
480	481
444	13
444	113
444	200
444	141
444	428
444	584
444	584
727	156
54	696
54	509
54	381
54	24
54	298
54	472
54	2
54	16
54	55
54	45
54	45
160	538
160	85
160	516
582	255
827	11
158	298
158	297
158	279
616	156
616	468
46	179
46	179
46	96
46	76
46	76
46	268
46	266
46	563
46	45
46	14
46	14
46	14
46	14
177	250
177	250
177	173
744	239
686	45
119	46
119	267
119	265
119	32
119	76
119	76
119	76
119	76
119	23
119	119
119	119
119	119
119	119
119	119
119	24
119	6
119	117
119	468
119	468
119	120
119	120
119	467
693	651
693	416
693	416
693	430
854	854
854	854
566	310
566	41
566	565
566	565
566	565
566	566
566	566
566	64
566	322
372	214
372	361
372	351
253	140
253	252
227	261
227	227
227	227
227	58
227	106
227	247
227	205
227	228
741	214
559	156
559	663
559	42
837	45
172	575
172	611
172	611
172	22
172	369
172	352
172	347
172	117
172	117
172	80
172	6
172	86
172	10
172	10
172	500
172	407
172	524
172	524
172	371
172	371
172	44
172	560
172	45
172	45
172	45
172	45
172	47
23	27
23	319
23	319
23	143
23	224
23	224
23	23
23	119
23	24
23	24
23	24
23	24
23	51
23	318
23	10
23	129
23	426
23	44
23	105
23	11
23	516
23	539
23	45
23	14
23	14
876	87
801	45
318	105
318	104
318	237
318	28
318	62
318	62
803	803
792	793
792	793
110	214
110	13
521	0
165	3
165	442
165	117
33	373
33	122
33	34
33	905
33	128
33	44
33	356
33	35
33	35
33	375
33	36
33	350
33	32
33	187
33	37
33	38
33	38
33	38
33	424
33	33
33	33
33	180
33	180
33	180
33	359
33	97
33	11
33	11
33	11
33	11
33	11
33	11
33	11
33	11
33	11
33	11
33	11
33	11
33	11
33	11
33	11
33	11
33	11
33	11
33	11
33	11
33	11
33	45
33	805
358	33
358	661
592	214
329	432
329	92
329	13
329	13
329	6
329	32
329	820
329	213
329	95
329	117
329	774
329	774
329	329
329	10
329	489
329	442
329	16
329	214
329	89
329	579
329	176
329	14
185	186
185	278
185	103
185	185
185	426
185	162
761	697
761	527
891	454
11	610
11	699
11	699
11	322
11	76
11	757
11	444
11	544
11	724
11	724
11	724
11	55
11	55
11	40
11	446
11	887
11	279
11	96
11	312
11	59
11	529
11	12
11	21
11	35
11	35
11	35
11	35
11	35
11	109
11	270
11	36
11	701
11	64
11	32
11	32
11	42
11	42
11	42
11	42
11	42
11	23
11	41
11	391
11	391
11	391
11	391
11	391
11	700
11	607
11	37
11	37
11	37
11	37
11	37
11	222
11	591
11	307
11	38
11	38
11	38
11	38
11	38
11	38
11	38
11	38
11	38
11	38
11	133
11	133
11	133
11	133
11	133
11	133
11	133
11	346
11	889
11	33
11	33
11	33
11	33
11	33
11	33
11	33
11	33
11	33
11	33
11	33
11	33
11	33
11	33
11	33
11	33
11	33
11	33
11	33
11	43
11	308
11	308
11	743
11	448
11	422
11	16
11	11
11	11
11	11
11	11
11	11
11	11
11	11
11	11
11	11
11	11
11	11
11	11
11	11
11	11
11	11
11	11
11	11
11	11
11	11
11	11
11	11
11	11
11	11
11	11
11	11
11	11
11	11
11	11
11	11
11	11
11	11
11	11
11	11
11	11
11	11
11	11
11	11
11	11
11	11
11	11
11	11
11	11
11	11
11	11
11	11
11	11
11	11
11	11
11	11
11	11
11	11
11	11
11	11
11	11
11	11
11	11
11	11
11	11
11	11
11	11
11	11
11	11
11	11
11	11
11	11
11	11
11	11
11	11
11	11
11	11
11	11
11	11
11	11
11	11
11	11
11	11
11	11
11	11
11	45
11	45
11	14
468	267
468	76
468	119
468	509
468	2
468	594
468	594
752	39
